
Count interactions: Per Weeks

---------------------------------
Without impressions
All	t_item-nt_user	t_item-t_user	nt_item-nt_user	nt_item-t_user
{1: [0, 0, 0, 0, 0],
 2: [0, 0, 0, 0, 0],
 3: [0, 0, 0, 0, 0],
 4: [0, 0, 0, 0, 0],
 5: [0, 0, 0, 0, 0],
 6: [0, 0, 0, 0, 0],
 44: [44611, 0, 0, 42008, 2603],
 45: [813884, 0, 0, 713186, 100698],
 46: [957748, 0, 0, 853636, 104112],
 47: [0, 0, 0, 0, 0],
 48: [0, 0, 0, 0, 0],
 49: [0, 0, 0, 0, 0],
 50: [3071, 130, 0, 2900, 41],
 51: [4174, 64, 0, 4110, 0],
 52: [21890, 475, 0, 18666, 2749]}
